%YAML:1.0
---
K: !!opencv-matrix
   rows: 3
   cols: 3
   dt: d
   data: [832.18736323,   0., 353.26526858, 0.,
       808.86860085, 189.6771726, 0.,0.,1.]
D: !!opencv-matrix
   rows: 1
   cols: 5
   dt: d
   data: [ 0.01064036,  0.8213621,  -0.0202025,   0.00691973, -2.32026262]
