%YAML:1.0
---
K: !!opencv-matrix
   rows: 3
   cols: 3
   dt: d
   data: [ 758.43974374752838, 0., 333.40528479220291, 0.,
       756.11752640312386, 264.73852426505363, 0., 0., 1. ]
D: !!opencv-matrix
   rows: 1
   cols: 5
   dt: d
   data: [ -0.039354703092259503, 0.74081680183080978,
       -0.0027318599627621453, -0.0027453900022504606,
       -2.4644632790849612 ]
