%YAML:1.0
---
K: !!opencv-matrix
   rows: 3
   cols: 3
   dt: d
   data: [ 788.28704355302, 0., 337.03125115061101, 0.,
       787.16515004353914, 272.1792359901421, 0., 0., 1. ]
D: !!opencv-matrix
   rows: 1
   cols: 5
   dt: d
   data: [ -0.020097897144663156, 1.3969841592339431,
       0.0016772269365749294, -0.001003427465794587, -5.9939589627629273 ]
