%YAML:1.0
---
K: !!opencv-matrix
   rows: 3
   cols: 3
   dt: d
   data: [ 778.59723673656686, 0., 347.34452610415593, 0.,
       775.86216454846408, 249.8336959254265, 0., 0., 1. ]
D: !!opencv-matrix
   rows: 1
   cols: 5
   dt: d
   data: [ -0.073261022933466244, 2.0137178875173127,
       -0.0091077546874385306, 0.003621706539531231, -8.6528602075669543 ]
